5909
410 237 373 907 717 464 862 375 695 643 318 272 4 552 701 699 308 134 333 247 780
---
317
399 371 754 33 940 912 317 993 675 426 18 879 985 215 148 993 973 444 888 186 697 150 878 880
---
4511
746 100 16 159 32 242 555 970 935 101 598 554 767 790 560 999 312 648 291 833 830 988
---
6437
467 589 732 654 825 633 759 261 546 321 175 23 493 121 406 367 550 52 412 87 625 208
---
2199
204 817 674 868 17 443 130 443 731 253 455 583 907 604 498 907 560 809 505 889 80 929
---
7115
15 470 32 244 831 12 817 213 509 157 885 68 367 833 472 255 586 653 369 890 845
---
4455
355 291 317 705 445 71 264 443 185 653 728 120 974 805 341 406 836 214 652 621 948 645
---
548
775 51 157 264 910 548 737 96 552 30 989 735 157 911 651 981 89 31 668 460 65 198 84 776 647
---
955
378 227 559 327 998 464 288 868 136 287 955 325 82 619 524 355 961 42 527 785 358 916 622
---
9743
844 236 354 890 613 953 632 718 308 712 743 240 909 355 974 577 312 554 143 365 857 603 646
---
