1617
361 448 133 69 90 71 65 455 36 191 471 261 346 248 78 223
---
1359
317 369 82 440 19 347 131 39 276 133 153 229 162 391 81 488
---
2610
52 272 85 465 398 226 471 121 365 106 129 321
---
4036
391 38 327 157 158 380 410 495 443 331 102 133 215 103 349 255 243
---
3302
214 40 59 313 183 391 65 204 256 450 332 286 334 271 217
---
3263
401 431 387 478 242 337 121 32 389 48 388 299 121
---
4779
493 346 170 105 364 416 78 475 374 330 111 18 339 292 441 405 192
---
1687
38 6 94 329 300 3 171 151 316 470 288 370 313
---
2925
366 229 309 384 25 261 364 85 220 356 249 440 201 403 259 117 290 197
---
5182
482 496 44 117 145 482 394 405 112 142 353 34 358 383 379 401 91 350 14
---
